a <- 5
b <- 12
d <-3
a*b

a+d+b

b^2